   1.0396647e+00
   6.4930332e-01
   2.4407374e-02
   3.2445335e-02
   1.5382093e-02
   3.2799338e-02
   2.8180650e-02
   3.3220806e-02
   2.8858343e-02
   3.4631304e-02
   3.3664792e-02
   1.7813168e-02
   3.7586874e-02
   3.6240043e-02
   4.7320139e-02
   2.9670234e-02
   2.8742792e-02
   2.1257228e-02
   3.2510065e-02
   3.6950898e-02
   3.2617110e-02
   2.6072724e-02
   9.2585708e-03
   3.6297972e-02
   1.3806615e-02
   1.3323230e-02
   4.0044080e-02
   3.5294934e-02
   3.9428136e-02
   1.6810277e-02
   3.4359187e-02
   2.9173807e-03
   3.1957392e-02
   4.2643207e-02
   2.3473163e-02
   1.8738047e-02
   3.2017081e-02
   2.2827012e-02
   1.6229430e-02
   1.1568574e-02
   3.6662220e-02
   2.1745929e-02
   2.9606965e-02
   4.5111052e-02
   1.9914237e-02
   2.7556308e-02
   2.9362386e-02
   4.3376849e-02
   2.0446436e-02
   2.7267559e-02
   2.1766283e-02
   5.1465896e-02
   4.3947579e-02
   3.0533349e-02
   2.7986109e-02
   1.2859742e-02
   2.7281546e-02
   2.6122577e-02
   2.4283244e-02
   4.1516133e-02
   4.0402450e-02
   3.3095060e-02
   1.6956881e-02
   3.5746611e-02
   2.0796005e-02
   4.8769646e-02
   2.9052618e-02
   2.7540212e-02
   1.0412476e+00
   6.5606645e-01
   1.7483620e-02
   2.8966200e-02
   1.1642784e-02
   2.8616269e-02
   2.4896651e-02
   2.8933115e-02
   2.0085308e-02
   2.6376180e-02
   3.0014842e-02
   1.4573161e-02
   3.1449495e-02
   3.1418234e-02
   5.2650391e-02
   2.0950108e-02
   2.1558632e-02
   1.8407215e-02
   2.3255580e-02
   3.1297389e-02
   2.7779745e-02
   2.4188151e-02
   4.0267123e-03
   3.1982598e-02
   7.9748988e-03
   1.5263201e-02
   3.2858207e-02
   2.8638870e-02
   3.2981300e-02
   9.7391150e-03
   2.6482543e-02
   8.2703739e-04
   3.2149391e-02
   3.5221406e-02
   1.4687586e-02
   1.4520112e-02
   2.8312439e-02
   2.1632225e-02
   1.7544166e-02
   1.2033648e-02
   3.0988584e-02
   1.7665417e-02
   2.4326056e-02
   3.7944927e-02
   1.7452943e-02
   3.4738876e-02
   2.6481346e-02
   5.2073997e-02
   1.6855827e-02
   2.0905168e-02
   1.9124546e-02
   4.0907488e-02
   3.6112094e-02
   2.7728200e-02
   2.6120096e-02
   1.0172063e-02
   2.4791710e-02
   2.0890440e-02
   2.1655625e-02
   4.3796966e-02
   3.5985830e-02
   2.7915507e-02
   1.2249022e-02
   3.0293528e-02
   1.7008372e-02
   4.4436938e-02
   2.5234050e-02
   2.0833977e-02
   1.0433254e+00
   6.6932907e-01
   1.3207621e-02
   3.1176748e-02
   1.0156764e-02
   3.1438464e-02
   3.2651839e-02
   2.3754456e-02
   1.4170450e-02
   2.2076291e-02
   3.0117300e-02
   1.1126930e-02
   3.4518624e-02
   2.9909042e-02
   3.1495157e-02
   1.6548087e-02
   1.3921074e-02
   1.6418839e-02
   1.7988665e-02
   3.4892548e-02
   2.3419203e-02
   3.0663351e-02
  -2.0439861e-03
   2.9608124e-02
   3.0352600e-03
   2.0127614e-02
   2.3615250e-02
   2.2870364e-02
   2.4357095e-02
   6.7144357e-03
   1.6619480e-02
  -7.6057771e-04
   1.9073885e-02
   3.7822151e-02
   1.1031221e-02
   1.1954561e-02
   2.8743650e-02
   2.5493540e-02
   2.2230156e-02
   2.0029849e-02
   2.3345673e-02
   1.3380133e-02
   2.1148507e-02
   3.5453942e-02
   1.3270454e-02
   4.1651092e-02
   2.2918953e-02
   6.4626655e-02
   1.4281859e-02
   1.4767825e-02
   1.5737015e-02
   3.2379255e-02
   2.6159628e-02
   2.9530540e-02
   2.4781505e-02
   7.0969524e-03
   2.8546525e-02
   2.0096931e-02
   1.3568557e-02
   4.6758893e-02
   3.8198281e-02
   3.1300648e-02
   9.3090770e-03
   1.9660620e-02
   1.1873547e-02
   2.7391855e-02
   2.4880986e-02
   1.3702593e-02
