   3.7739583e-01
  -5.7649954e-02
  -4.1219279e-02
  -3.3904166e-02
  -4.7373915e-02
  -2.8067953e-02
  -3.9994520e-02
  -2.9811917e-02
  -3.4509522e-02
  -2.7443860e-02
  -3.4169700e-02
  -4.6552369e-02
  -2.8653303e-02
  -2.9972449e-02
  -1.8505538e-02
  -3.4146774e-02
  -4.0343665e-02
  -4.6627121e-02
  -3.3136698e-02
  -3.1644575e-02
  -3.5405953e-02
  -3.6593580e-02
  -5.8321718e-02
  -3.1194817e-02
  -4.9522712e-02
  -5.1441424e-02
  -2.8305928e-02
  -2.8953722e-02
  -2.1844725e-02
  -4.6561961e-02
  -2.8980624e-02
  -6.1726260e-02
  -3.7424561e-02
  -2.6034616e-02
  -4.4332922e-02
  -4.4345053e-02
  -3.4706077e-02
  -4.0971241e-02
  -4.7228703e-02
  -5.3569982e-02
  -2.2921175e-02
  -4.2632218e-02
  -3.1776904e-02
  -2.2364769e-02
  -4.4203147e-02
  -3.7230235e-02
  -3.5426154e-02
  -1.8509469e-02
  -4.1676969e-02
  -4.1233693e-02
  -4.5950315e-02
  -1.7576061e-02
  -2.3081450e-02
  -3.7876322e-02
  -3.4633644e-02
  -5.3100493e-02
  -4.0819131e-02
  -3.6950564e-02
  -4.2010497e-02
  -2.5501293e-02
  -2.1704308e-02
  -2.3837587e-02
  -4.3017997e-02
  -2.7015902e-02
  -4.2185260e-02
  -2.1129976e-02
  -3.6852572e-02
  -3.9915677e-02
   3.7840527e-01
  -5.4044940e-02
  -3.9373093e-02
  -3.3663803e-02
  -4.4332178e-02
  -3.3551935e-02
  -3.2354444e-02
  -2.8137219e-02
  -3.8110321e-02
  -2.8936905e-02
  -3.2210119e-02
  -4.2450035e-02
  -2.6388040e-02
  -3.4334271e-02
  -1.7715527e-02
  -3.7462689e-02
  -3.3946798e-02
  -4.1686090e-02
  -3.6247485e-02
  -2.7700496e-02
  -3.2450536e-02
  -4.0482605e-02
  -5.5841750e-02
  -3.1440513e-02
  -5.1084009e-02
  -4.7485183e-02
  -2.6862247e-02
  -3.0137757e-02
  -2.5638245e-02
  -4.6410888e-02
  -3.3798119e-02
  -5.7539724e-02
  -2.8658830e-02
  -2.3830735e-02
  -4.3151313e-02
  -4.0055584e-02
  -3.1951440e-02
  -3.5642204e-02
  -4.7746983e-02
  -4.9032942e-02
  -2.2017170e-02
  -4.0828714e-02
  -3.0503818e-02
  -2.3859585e-02
  -3.7691948e-02
  -3.5137403e-02
  -3.6972635e-02
  -1.8301279e-02
  -3.9821155e-02
  -3.7801572e-02
  -4.3036241e-02
  -2.0848316e-02
  -2.0281998e-02
  -3.2309486e-02
  -3.7674765e-02
  -4.6837417e-02
  -3.8054098e-02
  -3.6990134e-02
  -4.1496100e-02
  -2.0795241e-02
  -2.1348073e-02
  -2.4043725e-02
  -4.1765790e-02
  -2.8810943e-02
  -4.0162889e-02
  -1.8988176e-02
  -4.2352792e-02
  -3.5039282e-02
   3.7970686e-01
  -4.6135260e-02
  -3.3517934e-02
  -3.7551738e-02
  -4.7623463e-02
  -3.9696208e-02
  -3.3870246e-02
  -2.6448379e-02
  -4.6306730e-02
  -2.6987209e-02
  -3.6286341e-02
  -3.4275402e-02
  -2.9918687e-02
  -3.3901072e-02
  -1.1169887e-02
  -3.9373016e-02
  -2.0533209e-02
  -3.3781007e-02
  -3.6378438e-02
  -3.1051519e-02
  -3.0042538e-02
  -4.1568605e-02
  -6.0478605e-02
  -3.7464808e-02
  -6.2558018e-02
  -4.2334629e-02
  -1.9318784e-02
  -3.1850737e-02
  -2.2811591e-02
  -4.6232397e-02
  -3.7667750e-02
  -5.7942073e-02
  -1.7688586e-02
  -3.1885216e-02
  -2.6925376e-02
  -3.3430361e-02
  -3.0430954e-02
  -3.3907186e-02
  -5.4610241e-02
  -6.6354260e-02
  -2.4909332e-02
  -4.6675851e-02
  -3.0235571e-02
  -2.8925785e-02
  -3.5482616e-02
  -2.9369799e-02
  -4.2598205e-02
  -2.9426923e-02
  -3.9900593e-02
  -2.7501286e-02
  -3.4260595e-02
  -1.9760764e-02
  -1.4013861e-02
  -2.4662822e-02
  -4.8645367e-02
  -4.4960259e-02
  -3.7405762e-02
  -4.1303999e-02
  -2.9403008e-02
  -2.1047238e-02
  -2.4895982e-02
  -2.3385169e-02
  -4.2677921e-02
  -3.3035298e-02
  -4.2422467e-02
  -1.0965773e-02
  -6.2011211e-02
  -2.3790224e-02
