   7.0853025e-01
   2.9582668e-01
  -8.4059526e-03
  -7.2941588e-04
  -1.5995911e-02
   2.3656923e-03
  -5.9069351e-03
   1.7044447e-03
  -2.8255895e-03
   3.5937220e-03
  -2.5245359e-04
  -1.4369600e-02
   4.4667852e-03
   3.1337968e-03
   1.4407301e-02
  -2.2382702e-03
  -5.8004366e-03
  -1.2684946e-02
  -3.1331641e-04
   2.6531612e-03
  -1.3944214e-03
  -5.2604284e-03
  -2.4531574e-02
   2.5515774e-03
  -1.7858049e-02
  -1.9059097e-02
   5.8690762e-03
   3.1706059e-03
   8.7917059e-03
  -1.4875842e-02
   2.6892814e-03
  -2.9404440e-02
  -2.7335842e-03
   8.3042960e-03
  -1.0429879e-02
  -1.2803503e-02
  -1.3444981e-03
  -9.0721141e-03
  -1.5499636e-02
  -2.1000704e-02
   6.8705225e-03
  -1.0443144e-02
  -1.0849691e-03
   1.1373142e-02
  -1.2144455e-02
  -4.8369633e-03
  -3.0318840e-03
   1.2433690e-02
  -1.0615267e-02
  -6.9830667e-03
  -1.2092016e-02
   1.6944917e-02
   1.0433065e-02
  -3.6714867e-03
  -3.3237673e-03
  -2.0120376e-02
  -6.7687924e-03
  -5.4139936e-03
  -8.8636262e-03
   8.0074199e-03
   9.3490708e-03
   4.6287362e-03
  -1.3030558e-02
   4.3653544e-03
  -1.0694627e-02
   1.3819835e-02
  -3.8999769e-03
  -6.1877323e-03
   7.0982644e-01
   3.0101075e-01
  -1.0944736e-02
  -2.3488014e-03
  -1.6344697e-02
  -2.4678331e-03
  -3.7288966e-03
   3.9794790e-04
  -9.0125064e-03
  -1.2803626e-03
  -1.0976385e-03
  -1.3938437e-02
   2.5307278e-03
  -1.4580186e-03
   1.7467432e-02
  -8.2562902e-03
  -6.1940828e-03
  -1.1639438e-02
  -6.4959521e-03
   1.7984464e-03
  -2.3353957e-03
  -8.1472271e-03
  -2.5907519e-02
   2.7104260e-04
  -2.1554555e-02
  -1.6110991e-02
   2.9979797e-03
  -7.4944370e-04
   3.6715274e-03
  -1.8335886e-02
  -3.6577878e-03
  -2.8356343e-02
   1.7452806e-03
   5.6953354e-03
  -1.4231864e-02
  -1.2767736e-02
  -1.8195007e-03
  -7.0049896e-03
  -1.5101409e-02
  -1.8499647e-02
   4.4857071e-03
  -1.1581649e-02
  -3.0888811e-03
   7.0426710e-03
  -1.0119503e-02
  -1.9926348e-04
  -5.2456445e-03
   1.6886359e-02
  -1.1482664e-02
  -8.4482022e-03
  -1.1955847e-02
   1.0029586e-02
   7.9150481e-03
  -2.2906432e-03
  -5.7773346e-03
  -1.8332677e-02
  -6.6311941e-03
  -8.0498468e-03
  -9.9202376e-03
   1.1500862e-02
   7.3188786e-03
   1.9358913e-03
  -1.4758384e-02
   7.4129214e-04
  -1.1577259e-02
   1.2724381e-02
  -8.5593712e-03
  -7.1026522e-03
   7.1151611e-01
   3.1159691e-01
  -1.0155157e-02
  -3.1874951e-03
  -1.8733350e-02
  -4.1288721e-03
  -6.0920364e-04
  -1.3469615e-03
  -1.6068140e-02
  -2.4554589e-03
  -3.0845203e-03
  -1.1574236e-02
   2.2999684e-03
  -1.9960150e-03
   1.0162635e-02
  -1.1412464e-02
  -3.3060678e-03
  -8.6810842e-03
  -9.1948864e-03
   1.9205146e-03
  -3.3116679e-03
  -5.4526275e-03
  -3.1261295e-02
  -3.9283419e-03
  -2.9761379e-02
  -1.1103508e-02
   2.1482331e-03
  -4.4901861e-03
   7.7275212e-04
  -1.9758981e-02
  -1.0524135e-02
  -2.9351325e-02
   6.9264925e-04
   2.9684673e-03
  -7.9470778e-03
  -1.0737900e-02
  -8.4365196e-04
  -4.2068226e-03
  -1.6190042e-02
  -2.3162206e-02
  -7.8182958e-04
  -1.6647859e-02
  -4.5435321e-03
   3.2640785e-03
  -1.1106081e-02
   6.1406466e-03
  -9.8396261e-03
   1.7599866e-02
  -1.2809367e-02
  -6.3667304e-03
  -9.2617900e-03
   6.3092453e-03
   6.0728836e-03
   2.4338593e-03
  -1.1931931e-02
  -1.8931653e-02
  -4.4296183e-03
  -1.0603534e-02
  -7.9172254e-03
   1.2855828e-02
   6.6511494e-03
   3.9577396e-03
  -1.6684422e-02
  -6.6873392e-03
  -1.5274460e-02
   8.2130408e-03
  -1.8565112e-02
  -5.0438152e-03
