   1.0808589e+00
   7.2095625e-01
   8.2489138e-03
   1.5906477e-02
   1.8307328e-03
   2.1719086e-02
   1.1335552e-02
   1.7762325e-02
   1.3698561e-02
   1.8579326e-02
   1.7568961e-02
   2.3361794e-03
   2.1893922e-02
   2.0312860e-02
   3.0086425e-02
   1.4699196e-02
   1.2339183e-02
   5.5702085e-03
   1.6699016e-02
   1.9526818e-02
   1.6026569e-02
   1.3523950e-02
  -8.0211939e-03
   2.2386228e-02
  -2.6095352e-03
  -2.1730658e-03
   2.1446187e-02
   1.9044002e-02
   2.4411331e-02
   2.3007336e-03
   1.9382438e-02
  -1.3677268e-02
   1.6227845e-02
   2.5009371e-02
   7.0630551e-03
   2.2045977e-03
   1.6905172e-02
   6.7139309e-03
   5.3749782e-03
  -4.1165859e-03
   2.2408301e-02
   6.1745591e-03
   1.4646872e-02
   2.7196381e-02
   4.7774369e-03
   1.1267866e-02
   1.5982440e-02
   2.7438840e-02
   6.7028975e-03
   9.5052176e-03
   5.7724785e-03
   3.4072953e-02
   2.7290080e-02
   1.4124503e-02
   1.7234604e-02
  -3.1648194e-03
   1.1629247e-02
   9.8717820e-03
   9.2728398e-03
   2.4310524e-02
   2.5718742e-02
   2.0050435e-02
   3.8284552e-03
   2.0429358e-02
   6.7124607e-03
   3.1078395e-02
   1.1410695e-02
   1.0904810e-02
   1.0827668e+00
   7.2919071e-01
   3.5949649e-03
   1.5005018e-02
  -2.3173371e-04
   2.0235185e-02
   1.0824767e-02
   1.5361552e-02
   6.7580696e-03
   1.2537285e-02
   1.6077063e-02
   7.6251303e-04
   1.8146624e-02
   1.9327909e-02
   3.5524529e-02
   7.6469114e-03
   8.0324778e-03
   5.2400050e-03
   9.7102746e-03
   1.6613516e-02
   1.3450388e-02
   1.4239077e-02
  -1.1013610e-02
   1.9921623e-02
  -6.6234707e-03
   1.6474692e-03
   1.7861285e-02
   1.4438254e-02
   2.0339315e-02
  -3.3621878e-03
   1.2649734e-02
  -1.3595192e-02
   1.8321949e-02
   1.9690523e-02
   5.0878659e-04
   3.9872063e-04
   1.5699627e-02
   7.8689723e-03
   8.9046327e-03
  -3.3565691e-03
   1.8868825e-02
   4.0665436e-03
   1.1241813e-02
   2.2756466e-02
   4.5219017e-03
   1.8241825e-02
   1.5838567e-02
   3.5613747e-02
   4.3108579e-03
   7.0528769e-03
   5.4979887e-03
   2.6358296e-02
   2.2240712e-02
   1.3152627e-02
   1.7621302e-02
  -3.7357322e-03
   1.1389504e-02
   6.7552094e-03
   9.8093754e-03
   2.7763108e-02
   2.2677985e-02
   1.6179623e-02
   2.0246612e-04
   1.6804811e-02
   4.5390228e-03
   2.9219870e-02
   7.2053965e-03
   6.8097214e-03
   1.0787474e+00
   7.3504953e-01
   2.2497340e-03
   1.8075126e-02
  -1.7393024e-03
   2.3732252e-02
   1.6182149e-02
   1.1844017e-02
   5.8659137e-04
   1.0553930e-02
   1.7672887e-02
   3.9865360e-04
   1.9864379e-02
   2.0778369e-02
   2.1028847e-02
   4.2192279e-03
   5.3854720e-03
   6.2386841e-03
   6.3897361e-03
   1.9337400e-02
   1.1731903e-02
   2.1612287e-02
  -1.5884759e-02
   1.8135405e-02
  -1.1733793e-02
   8.5402285e-03
   1.3580940e-02
   1.0790343e-02
   1.5013861e-02
  -5.3238727e-03
   4.2422761e-03
  -1.3970177e-02
   1.0401455e-02
   2.0036670e-02
   1.6087578e-03
   9.6866201e-04
   1.7056164e-02
   1.1999984e-02
   1.5239455e-02
  -2.2910287e-03
   1.2584172e-02
   5.0717403e-04
   9.4464370e-03
   2.1456645e-02
   2.3851144e-03
   2.5777086e-02
   1.5198621e-02
   4.3427846e-02
   2.6412918e-03
   5.9562765e-03
   5.1197933e-03
   2.0711528e-02
   1.6225141e-02
   1.6693461e-02
   1.7906177e-02
  -4.3381747e-03
   1.5160786e-02
   6.4415691e-03
   6.8555766e-03
   3.0750555e-02
   2.3882587e-02
   1.9535506e-02
  -1.6498876e-03
   7.9645180e-03
   5.9767883e-04
   1.7982104e-02
   1.7608079e-03
   4.2586137e-03
