   3.9023544e-01
  -4.5520202e-02
  -2.3794187e-02
  -1.8320673e-02
  -3.2506246e-02
  -1.4762033e-02
  -2.3438254e-02
  -1.5918374e-02
  -1.9221084e-02
  -1.2100371e-02
  -1.7635193e-02
  -2.9962114e-02
  -1.2977046e-02
  -1.3473718e-02
  -2.2407408e-03
  -1.9643802e-02
  -2.3220267e-02
  -2.9654092e-02
  -1.7020735e-02
  -1.3998340e-02
  -1.8707913e-02
  -2.1039597e-02
  -4.0264979e-02
  -1.6142599e-02
  -3.1542006e-02
  -3.4784462e-02
  -1.1810506e-02
  -1.3832246e-02
  -1.1339959e-02
  -2.9958287e-02
  -1.2294026e-02
  -4.3475708e-02
  -1.9902826e-02
  -8.8012607e-03
  -2.7545948e-02
  -2.6717718e-02
  -2.1248610e-02
  -2.4541441e-02
  -2.9304734e-02
  -3.6576488e-02
  -8.3757506e-03
  -2.6004960e-02
  -1.6648808e-02
  -5.5583437e-03
  -2.8255935e-02
  -2.0640490e-02
  -2.0143996e-02
  -3.8884721e-03
  -2.7562252e-02
  -2.3409235e-02
  -2.8529942e-02
  -1.8613342e-03
  -7.6226548e-03
  -2.1084042e-02
  -1.8747815e-02
  -3.6796481e-02
  -2.4213321e-02
  -1.9465729e-02
  -2.5407579e-02
  -9.2284334e-03
  -7.1910598e-03
  -1.3838989e-02
  -2.8208368e-02
  -1.2488991e-02
  -2.7112584e-02
  -3.9871003e-03
  -1.8269823e-02
  -2.2137974e-02
   3.9128265e-01
  -4.1919773e-02
  -2.4120944e-02
  -2.0875402e-02
  -3.1201168e-02
  -2.1557899e-02
  -1.8489140e-02
  -1.6182388e-02
  -2.4363209e-02
  -1.5527098e-02
  -1.8301226e-02
  -2.8023890e-02
  -1.3130725e-02
  -2.0063502e-02
  -1.3628406e-03
  -2.4368406e-02
  -1.9938235e-02
  -2.7665322e-02
  -2.2508666e-02
  -1.2832492e-02
  -1.8098727e-02
  -2.6042962e-02
  -4.0018943e-02
  -1.8983496e-02
  -3.4958557e-02
  -3.3469430e-02
  -1.3814875e-02
  -1.6589268e-02
  -1.6804166e-02
  -3.1539564e-02
  -1.8807068e-02
  -4.1333178e-02
  -1.3837344e-02
  -8.8140439e-03
  -2.8448099e-02
  -2.5086714e-02
  -2.0812038e-02
  -2.1642841e-02
  -3.1971282e-02
  -3.2625994e-02
  -9.8218727e-03
  -2.6391740e-02
  -1.7033395e-02
  -9.4224894e-03
  -2.4196966e-02
  -1.8532397e-02
  -2.3788611e-02
  -2.6224943e-03
  -2.7031791e-02
  -2.2702930e-02
  -2.8683559e-02
  -7.2939507e-03
  -7.5450375e-03
  -1.7682307e-02
  -2.3495096e-02
  -3.2727222e-02
  -2.3990930e-02
  -2.1850057e-02
  -2.7327039e-02
  -5.4067243e-03
  -8.1670469e-03
  -1.4317361e-02
  -2.8477186e-02
  -1.5671583e-02
  -2.6780377e-02
  -4.4350938e-03
  -2.3506039e-02
  -2.0072468e-02
   3.9360484e-01
  -3.0218768e-02
  -2.1667105e-02
  -2.5505978e-02
  -3.5111211e-02
  -2.7005084e-02
  -1.8198843e-02
  -1.5787679e-02
  -3.2250507e-02
  -1.6074655e-02
  -2.3857777e-02
  -2.3163593e-02
  -1.5201556e-02
  -2.1492936e-02
  -1.1898636e-03
  -2.6979036e-02
  -1.1790966e-02
  -2.3426106e-02
  -2.4615435e-02
  -1.5371107e-02
  -1.7927274e-02
  -2.7600245e-02
  -4.5536661e-02
  -2.5791228e-02
  -4.6621022e-02
  -3.0728563e-02
  -1.0736693e-02
  -2.0000571e-02
  -1.5928315e-02
  -3.2952379e-02
  -2.4216428e-02
  -4.3126664e-02
  -8.4405524e-03
  -1.5018425e-02
  -1.7078762e-02
  -2.1970957e-02
  -1.9735984e-02
  -2.0781527e-02
  -3.8935316e-02
  -4.3089339e-02
  -1.4178711e-02
  -3.2989786e-02
  -1.8466070e-02
  -1.5780740e-02
  -2.4238509e-02
  -1.3731638e-02
  -2.9995412e-02
  -9.3200543e-03
  -2.8013363e-02
  -1.7134395e-02
  -2.3271594e-02
  -8.9246105e-03
  -4.7861725e-03
  -1.2070659e-02
  -3.3865971e-02
  -3.3134638e-02
  -2.3910439e-02
  -2.7490018e-02
  -2.0317664e-02
  -5.9024293e-03
  -1.1275098e-02
  -1.3111938e-02
  -3.0684594e-02
  -2.1216036e-02
  -3.0532909e-02
  -1.9946275e-03
  -3.8036029e-02
  -1.3761697e-02
